2000
466
1804 948 1812 540 1758 1343
1136 1753 1550 1199
836 853 983 600 1595
297 521 719 1617 1271 1561 1532
860 531 504 1180 191
1061 115 53 854
492 1831 1175
1784 306 1595 959
1499 4 1805 590
584 449 602 669
835 1411 1414 1160 1486 1649 217
1572 910 1520 1522 405 1717 311
878 1271 184 1693 1630
1410 739 554 1547 1964 727 542
1027 967 1385 536 1624 1596 1214
673 1460 189 493
512 832 1192 1898 733
112 772 998
513 1314 655 1339 317
59 988 1087
1443 132 1203 1365
963 1738 1514 364 174
1833 1517 1933 57 1181
1979 508 1013
905 682 1219 695
386 1972 919 1208 1757
609 867 708 45 307 1079 862
1875 763 155 598
1154 1476 1926 755 1365
1536 1121 813 1742 54 857
440 81 1228
968 1793 754 11
565 125 647
1920 706 974 1038 632 1691 1247
996 1140 37 927
199 713 1226 814 111 1556 1464
1920 1793 452 1713 248
1956 1136 721 720 1910 923
1697 763 942
1220 205 1429 1255
233 1733 935
1441 291 643 995 713 375 1817
1941 1934 701
800 1281 1088 1366
1457 1899 941
432 1785 570 1266
200 905 142 494 1234 796
354 612 1028 1454 1207 1148
601 1922 533 662
328 1356 990
103 362 139 373 278
1744 233 276 639
1505 802 70 792 1945
872 1178 644 461
135 138 1293 944 564 1114
1945 847 1031
704 428 1293 311 763
981 913 723 1341
1216 1030 396 1293 431 218 1342
1688 913 1055
1744 1641 1426 1916
974 593 787 1972 1087
1041 978 1903
1144 1090 691 924
1897 1236 269
1570 135 174 657 372
1741 1620 221 1788
193 258 905 1780 1205 1975 1947
97 1602 637 1703 1266 413
172 1454 719 114 338
1721 235 772 1959
1540 1476 358 1562 442 60 1023
1890 1191 398 1936 218 540
576 329 1808 210 1756 1471
536 993 1138
484 1264 1681 1778 1204
113 491 134
355 100 561 178 214 1975 1306
585 1707 1426 1460 117
1737 194 437 990
1153 1646 238 50 1560 1562
499 1476 1275
1865 211 1669 1862
169 1069 529 1143
1541 1193 1387 208 212
192 1316 1700 176 1361
1945 1986 388 1271
993 1346 196 299 1806 246 543
1027 871 1709 687 664 58
1498 582 774
608 994 141 207 656 1117 1917
792 1242 748 70
1964 1420 1869 143 1104 1744 346
1001 1937 1109 1751 571 1149 1119
38 358 1993 1682 1875
1216 200 335 245 156 1567
539 1902 159
1411 411 21 1491
1666 1699 710 1930 751 786 53
835 204 656 1139 631 764
1216 1381 911
1537 1345 1158 999 1338 927
163 552 504 924 894
1227 399 1430 694 1755
1031 232 1576 656 533 1919 1855
1128 72 1739 1988
970 227 325 971
768 833 1873 1479
322 1672 911 178 1491
1743 881 1331 980 500 1020
1317 1933 1041 1650 1534
1256 1331 854 1178 220
1573 1480 296 459 542
1603 612 744 40 72 1424 1430
1132 628 1134
737 970 1007 690 1558 1367
1729 771 1284 681 361 918 1497
232 1449 16 438 26
1201 978 956 1927
760 1401 392
256 1378 462 1973 854 1691
89 690 1507 1156
1252 778 941 277 317
1089 933 1550 1007
1486 880 1392 1335 285 1406
1798 1671 1905 1719 120 1207 1116
553 1484 462
1192 746 1987 317
195 78 1776 1360 1491 319
1568 443 519
354 1203 1272 410 1147
416 1729 1642 299 909 1852
1507 1893 1510 77 590 212 537
738 1350 606 660 1975 792 1150
356 1448 1071 689 1878 1751 1081
1819 1786 363
1257 693 382
295 1097 525 146 1910
33 1324 1171 435 503 1148
1272 1675 815 1048 953 1692
941 1655 1563 731 1247
836 264 727 1676 1711 1271
448 1770 1085
416 1185 1953 432 1201
376 513 271 503
1152 1697 580 309
1578 1523 133
741 808 815 1584 1586 1365
637 397 247
1322 1295 1394 1112 313 605
209 1698 1611
1264 1554 1064
937 1418 1710 625 435 820 253
768 449 1006 819 536 1018 1885
1929 297 845 977 659 53 539
932 1735 1711 1714 734
190 1734 615
959 1211 985 575
437 782 1967
1666 1764 198 784 381 1619 765
1507 934 1293 334 339 56
1699 740 548 479 175 607
835 195 1445 1447 305 982 1815
1604 939 623 112 560 1684 88
1440 1286 1672 846 501 796 223
1196 108 1713 1843 732
1536 1637 75 1685 477 447
261 1291 701
1441 641 908 1493 1083 1053
1859 168 1097 1008 947 1461
1352 114 205 1398
1832 1171 300
291 387 134 1871 1235 1013 920
1090 595 981 478
1189 908 1484 526 1363 180
962 580 1126 1448 1546 1966 123
1792 577 519 648 310 119
1786 1075 1845 1263
1134 1524 629 1301 1047 1438
1190 584 780 750 1594 1306 1179
1122 631 1245 1303 1533
57 1866 1867 489
1096 1970 1987 1844
1251 324 1164 1745 1268 410
896 257 1795 1987 1351 910
1701 1866 1804 654 1466 219 510
584 977 370 1753
1446 620 525 591 1173 26
1666 427 302 1390 1904 1943 350
1888 357 1831 208 1047
1696 1053 335
1121 434 375 135
35 167 1076 1269 283
1824 1192 264 206 435 1783 120
602 844 1469 1582
1894 203 492 495 918 1594 1915
1873 338 1300 241
1926 1801 362 1711 56 1818 989
1665 1254 1873 1138 625 599 251
1410 1092 277 1429 1718 1978
135 756 317 799
350 362 594 851 473 1150
32 1441 1509 1686
507 788 1575
1575 500 84 1270 1881
67 1990 840 1707 632 252
1217 807 1453 878 78 666
599 1545 815 1047 1175 1466 606
570 1539 298
784 1417 1460 1313
352 867 1420 1043 1621 952 1758
994 1955 740 1865 951
1147 1028 645 695
673 694 762 92 1949
964 745 1198 533 661 574 1887
1763 719 1970 1365 569
1697 34 1263 881 1851
706 1028 1060 553 1463 1915 1885
1506 677 774 1417 684 1075 733
1127 1009 945 1400 1913 475
1240 497 1042 1260
826 197 1165 567
673 107 716 145 94
1889 1636 1192 1681 498 1397 1788
453 203 876 1905 1373
1989 677 590 627 92 126
676 1673 1656 976 1301 952
192 294 522 1835 1546 1853
965 1116 786 732 1213
553 764 273 1911
322 1638 828 168 646 949 572
5 806 1094 133 1767 426 1533
1504 1253 111 1073 245 406 1087
1248 1993 434 186
256 290 679 616 621 471
1609 679 1349 1775
993 1820 213
1025 562 59
1026 167 296 1807 1620 1304
332 1837 300 1808 403 564 949
131 1000 1965 944 1682 1844 477
1824 435 558 447
897 1986 1635 772 1292 955
1729 1441 71 1869 1969 1113 1434
1809 307 1781 185 1020
779 1903 367 143 626 435 631
1833 1900 396 879 1553 919
531 281 145 1419
1443 1669 840 138 503
928 706 854
994 228 583 843 1908 1944
32 1027 166 1802 1228 443 1599
1290 529 1618 179 1593
673 835 1705 1008 1394 821 540
1625 225 1351 223
1628 509 1551
551 713 1810 19 1850
608 128 1157 998 1417 1076 1471
1873 1897 1209 918
993 964 782 944 785 446
1880 868 476
1796 1588 667 988 1213 318
1344 961 1830 1129 1811 440
1864 1921 1074 532
1155 1459 1049 635 1246 1311
1444 1034 109 402 1495 472
1858 515 144 1169 469 1590
96 973 1549 877 467 1847
888 665 1274 1259
1768 224 810 1886
1066 1093 1797 1174
1762 573 1598 943
409 1371 1435 1276
1856 837 1416 12 110 816 1108
390 1606 1353 73 270 1626 1566
1218 581 1702 369 1940
1600 1494 152 991 127
804 102 776 586 1789 351
1961 1518 1423 917 566 505 922
1632 1056 39 468 822 1016 124
1985 709 486 463 1907
326 284 790
1312 162 1068 1230 861 1054
696 105 579 1759
1803 1399 122 1467 1564 1726
930 870 1452 1389 1678 1747 1627
743 1581 882 1395 182 823
1384 236 783 286 31
1569 1731 293 330 1613 1906 1432
1658 275 638
1002 724 517 1999
1011 893 670
1954 10 972 239 1456 1237 1879
327 20 1909 1654 1492 1695
1607 1195 749 1777 148 954
873 915 1172
1730 1319 1102 1529 1722
1736 1328 1720 890 29
1131 52 1822 1583
992 393 1931 1302
1760 866 8 1003 243 1528
292 1957 1320 9 1004
1221 678 1960 1643 1488
1332 181 1527
65 1005 883 852 149 1307 383
1024 1664 1442 803 1294
130 1161 234 1039 528 596 671
1184 454 263 1544 1994
6 1261 818 692 340 1046 535
129 1250 337 342 1183
769 419 777 874 1481 1359 859
1530 1876 1942
1952 170 1310
1123 1063 1225 24 1501 926 1631
161 1766 43 1487 624 1238 1914
1984 1044 215
698 849 986 1882
1752 1265 1100
793 747 1022
1579 3 1412
1163 1773 365 1616 465 1299 1983
1059 1224 811 1740 1333 439 62
385 1515 1370 474 91
1187 559 1715 668 414
202 547 925 287
520 979 1427 1017 1402
231 76 22 407
758 86 1277 30 863
255 267 975 759 1791
1232 875 1239
640 1188 904 622 1647 1077 1659
1450 619 1644 1391 222
1857 1787 1052
1608 1036 891 1021 1854
418 422 343 1565 1950
1779 1142 663 441 1725 1151
1115 331 1946 898
634 1451 1014
1928 523 1323 524 1103 1168 1330
1827 1287 1863 1035 282
1712 1200 1458 889 1308
1408 1482 1892 798
1772 1496 1369 1660 380
49 82 1358 1615
1477 773 1868 717 1552 27
610 308 630 95 1535
68 680 1963 718 304 17 1137
481 353 1633 69 1325 592
714 1258 603 1229
1403 1723 1166
841 1513 850 1974 831
1167 1585 1939 183 1176 761
675 1162 1070 244 412
1825 1067 1639
1794 1891 685 688 1749 1309
165 1289 1297 1111 1241
384 1694 470 711
1765 753 789
1288 651 171 1592 1433 506
230 1839 18 1651 249 1663
1318 649 1421 1106 987 766
722 658 1233 613
801 869 557 912 466 702
1774 1870 272 886 1816 378 858
1382 1971 1958
1145 1170 1574 1065
1872 824 1653
1473 1782 1935
1679 1231 371 916 1823 349 895
1648 1012 368 1580
1689 395 1244
921 140 541 1337
1474 136 712 303 1267 511
1062 1182 101 1334
1010 1015 1133 79
360 137 1082 1670
90 316 1422 1690
1 482 2 1396 444 158 767
1538 1186 1282 1614
589 1525 279
514 1383 1836 725 1754 1821
66 1826 106 1215
423 488 1362 984 1279
1923 333 1557 794 445
336 1508 229 1376
265 433 429 707
320 42 15 1559
64 1860 391 809 401 1110 830
1141 1405 1206 901
424 377 242 1489
1771 1708 556 1813 1849
1761 699 1716 483
456 1640 1995 268 1296 1072 829
900 1512 48 1680 1336 538
705 464 1587 344 1210 700
674 389 430 597 728 1884
578 485 1799 1327 1976 314
312 1521 929 742
770 104 969 394 1135 1555
1120 1354 931 1372
1040 946 555 63
865 842 1404 633
260 1273 1130 1977 1629
1409 1834 44 80 341 1622 1661
752 480 347
457 1548 47 1652 1080
839 1998 1846 1050 1948
240 1329 950 527
1896 899 797
736 834 1861 14 1105 1842
1315 421 173 1746 1340 1981 1470
1475 1991 266 1610 1428
1667 1037 116 1877 345 604
856 1377 1997
906 1996 36
1194 28 1101 1095
902 74 254 757 1814 1431 1278
960 321 1380 1542 812 1901 1968
1032 1393 1490 1415
1924 41 1612 1357 1462 1531 1407
1571 1605 1577 1706 1485 1519 1465
1388 1355 1732 1951
518 262 1202 436 151
487 1326 563 1591 188 1982 1727
672 274 1683 1124
848 1769 150 1790
259 1674 1099 1364 153 348
289 1019 1478
545 516 1045 118 157
1704 1962 460 1374
544 1379 1321 884 1589 1078 1662
455 458 686 496 697 1243 1437
864 451 420 1348 805 1895
288 1125 83 404 502 1305 892
177 817 55 887
1912 652 1413
98 1543 940 1516 1597 958
25 1386 1645 1262
2000 1058 1285 642
226 781 147 1848 415
417 315 1500
201 379 1222
650 587 1932 1838 1107 1750 1918
408 1874 1980 838
966 1197 1526 93 1086
160 1601 903 425 1298 1687 1502
1828 359 1748 154 957 735
216 1436 726 1375
1925 1098 366 730 250 827 1724
99 1829 997 490 683 1084
550 715 653 1425 1657 1118
611 1511 907 1623 568 1468
1668 936 1677 530 795
1091 614 1841 280 1439
1029 7 1992 938 885 1368 703
1177 617 301 46 121 1146
1283 1800 618 187 636
1472 323 775
237 914 51 534 791 1051
1280 1057 1634 1159 1223 85 374
825 1212 588 1033
1347 1483 400 1883 61
164 549 1840 87 855 1503
1249 1938 729
1728 546 13 1455 23
450
7 13 11 23 6 4 9 15 16 18 10 3 15 14 25 13 11 7 22 1 10 14 23 5 16 2 19 18 7 11 12 20 2 13 4 34 6 27 13 7 3 12 15 9 5 16 15 29 14 9 15 19 20 16 9 7 10 10 27 3 13 8 9 3 12 24 7 30 2 20 9 5 20 25 15 7 12 32 5 12 23 6 19 6 16 19 12 11 3 1 33 10 13 30 8 2 7 17 22 28 5 28 11 22 18 16 2 10 9 27 9 17 6 21 11 18 2 14 15 13 24 4 23 8 28 8 12 9 13 4 12 21 11 3 7 14 15 8 13 14 3 17 1 18 9 17 8 20 1 12 12 9 4 29 7 18 4 4 9 17 3 28 9 19 27 11 1 10 4 26 12 7 24 6 24 12 23 4 14 4 21 8 10 10 14 29 5 25 30 2 11 17 22 25 10 23 11 11 12 6 7 30 1 5 17 2 24 20 12 8 1 18 8 8 1 21 25 19 29 23 20 5 2 35 18 20 28 1 22 4 35 26 22 14 1 16 7 3 19 1 12 12 28 7 23 16 21 4 6 7 28 21 10 15 11 5 11 23 11 15 13 24 13 74 88 19 96 86 55 26 90 67 59 14 89 59 22 92 21 39 40 16 67 63 3 82 15 43 4 13 42 18 10 37 99 36 79 75 80 92 70 22 68 82 42 29 81 49 5 37 68 73 73 54 36 7 98 79 16 20 24 45 50 18 17 17 44 41 38 94 17 45 96 55 62 67 91 52 29 87 12 68 9 62 29 60 44 30 89 9 35 75 14 85 67 25 35 2 74 51 96 87 48 56 5 97 62 59 70 43 52 96 47 70 70 48 95 57 31 58 55 70 20 13 78 55 59 53 1 10 81 99 49 72 6 40 18 91 10 91 62 83 26 14 7 28 88 34 40 67 56 1 18 35 65 46 19 15 76 34 20 91 27 61 13 86 30 5 26 15 96 96 13 31 43 21 64 74 45 42 54 50 32 28 7 2 29 82 44 93 54 77 99 16 57 83 30 61 52 40 21 15 5 26 19 76
