200
41
5 142 143 17 19 22 151 154 159 160 35 167 171 45 176 189 190 72 77 84 93 100 104 105 111 118 122
128 131 132 4 134 135 136 138 139 11 14 143 145 18 17 19 149 151 24 159 32 164 40 42 171 44 48 179 52 182 185 57 59 186 187 192 65 66 70 72 74 75 76 78 79 80 83 85 91 100 101 104 107 110 119 121 123
5 6 11 12 18 22 23 26 28 29 31 32 33 37 38 39 40 44 45 47 49 50 53 54 56 58 61 63 64 66 67 68 72 75 77 78 79 80 84 85 86 89 90 95 96 97 103 105 106 107 109 110 112 114 115 117 120 121 122 123 125 126 133 146 148 149 150 151 152 153 154 155 157 158 161 163 164 167 168 170 172 173 176 178 179 181 183 184 186 187 188 189 192 194 195 196 197 200
2 3 4 135 9 11 145 17 20 151 155 27 167 168 169 47 50 53 183 57 60 194 195 197 70 71 200 76 79 81 90 92 95 104 105 117 118
2 3 4 8 9 11 13 19 21 24 29 35 37 39 43 45 46 49 52 54 55 56 57 59 61 63 66 67 70 71 72 74 77 78 79 80 82 83 87 88 89 91 92 98 104 110 114 117 118 120 128 129 136 140 143 146 149 151 152 153 154 155 156 157 160 161 162 163 164 165 168 169 171 172 174 176 179 181 184 187 188 190 192 195 198 200
130 132 8 9 138 139 143 16 144 19 21 22 150 152 161 33 169 171 174 50 180 53 57 187 189 63 72 79 85 93 96 103 109 116
130 131 4 3 135 137 138 9 143 16 17 15 19 147 21 150 151 23 27 30 167 39 169 46 48 50 51 55 187 189 62 191 193 194 195 65 70 200 75 79 81 86 89 90 91 95 97 99 108 115 118 124 125 127
2 134 8 11 15 148 150 26 157 159 32 173 48 53 57 189 69 74 76 81 84 88 94 96 99 102 108 110 119 127
130 131 134 135 136 7 10 8 11 141 142 144 145 17 148 22 150 27 31 33 34 36 164 37 167 40 41 165 171 44 173 46 43 49 179 52 51 54 55 182 53 58 187 61 189 191 192 194 67 68 197 76 77 78 83 84 85 88 90 92 94 96 98 100 101 103 105 106 107 110 115 117 119 123
1 2 6 8 10 11 12 14 17 20 23 24 29 32 34 35 36 40 47 50 53 56 58 63 65 66 67 71 75 76 77 79 80 83 84 85 87 88 89 90 91 93 95 98 99 100 101 102 105 107 108 111 112 113 115 118 120 121 122 124 127 130 134 135 138 142 143 145 147 149 151 152 154 155 156 157 158 159 160 162 163 166 169 171 172 173 176 177 178 179 186 187 188 189 190 191 192 194 198 199
5 6 7 8 10 11 13 14 15 18 21 23 31 32 34 36 37 40 41 42 44 47 51 52 53 54 55 56 58 59 60 61 62 64 65 67 72 74 75 76 77 78 79 80 84 87 89 92 95 98 99 100 101 105 106 108 109 110 111 112 114 115 116 119 120 125 126 128 129 130 131 132 133 134 135 136 137 140 141 142 148 152 157 159 162 168 170 175 177 178 179 185 188 190 192 194 197 199
128 129 4 133 8 138 10 140 142 15 17 145 147 146 19 20 23 153 155 29 31 160 33 35 36 37 166 39 167 169 43 44 173 49 51 180 181 54 183 185 58 187 62 63 64 194 69 70 199 71 73 74 81 93 94 96 101 104 111 112 116 118 120
64 5 70 166 41 74 138 142 143 112 47 50 188
128 129 130 1 4 132 134 8 137 11 13 17 18 147 150 24 152 27 28 32 170 174 46 176 181 54 55 183 56 186 187 188 63 67 197 70 71 200 199 73 80 85 96 97 98 103 114 115 122 123
2 131 4 5 6 7 8 135 138 11 139 141 130 145 146 147 151 152 132 26 155 156 29 31 160 161 162 163 36 166 40 41 173 174 175 48 176 182 184 185 58 187 60 61 190 191 59 65 63 195 196 69 198 81 82 84 85 86 88 89 90 95 97 98 109 110 111 113 114
1 4 134 136 8 143 144 19 147 23 24 155 32 161 162 166 39 167 41 45 173 47 174 176 50 175 180 54 182 186 59 188 189 190 187 64 192 196 69 73 81 82 85 90 91 92 96 98 105 109 114 116 118 125 127
129 3 131 6 7 137 10 140 13 141 143 144 17 18 147 19 20 145 154 155 28 30 159 160 34 165 37 167 40 39 173 49 178 51 52 180 182 56 57 58 187 188 62 191 65 195 67 196 199 200 73 78 91 94 96 99 102 103 104 106 107 109 112 113 116 118 119 120 122 126
128 129 3 4 133 138 141 142 143 23 151 154 155 167 48 54 191 196 198 72 77 78 99 107 111 113 119
133 134 7 136 10 13 16 145 146 17 20 22 28 30 31 159 32 163 38 167 41 178 53 183 185 186 187 189 62 191 64 69 70 71 96 99 102 113 114 117 121 126 127
129 134 138 12 141 144 17 146 147 151 153 156 159 32 163 164 174 47 179 53 55 186 58 60 61 195 199 86 88 94 98 100 101 102 108 110 112 119
2 3 4 6 8 12 13 14 15 16 19 20 21 24 26 27 28 29 30 32 34 36 38 39 40 41 42 43 47 48 50 52 53 58 59 60 62 63 65 66 70 73 76 82 83 84 85 88 89 92 95 97 98 100 101 102 103 104 107 108 112 116 119 124 126 129 130 138 140 141 143 146 149 154 155 156 161 162 166 167 168 169 171 172 173 175 178 180 183 185 186 188 189 190 193 195 196 197 200
1 4 137 10 142 144 18 20 149 25 154 157 158 159 162 34 169 171 44 178 51 182 57 189 64 192 196 199 75 102 107 122 123
133 136 139 17 146 145 151 153 26 32 43 47 183 184 61 192 194 195 198 78 91 95 98 102 103 104 110 118
4 197 133 132 7 42 173 142 79 14 110 52 85 181 55 126
101 167 138 42 172 170 45 175 48 145 143 180 150 184
2 4 7 10 12 13 14 18 19 20 23 24 25 27 28 29 36 37 38 40 42 43 44 45 47 48 53 54 55 58 59 61 62 64 67 68 69 74 75 77 78 79 80 81 84 85 86 87 89 91 94 95 96 97 99 104 105 107 109 112 115 117 118 120 121 123 125 127 128 131 132 133 136 137 140 142 150 152 153 154 157 158 159 160 162 168 170 177 182 186 187 189 190 194 195 197 199
1 129 3 4 5 134 135 136 9 13 142 15 143 16 17 19 144 151 152 24 154 155 28 29 30 33 34 167 40 41 171 44 172 46 175 176 177 48 179 180 53 54 50 181 49 188 190 63 65 66 193 195 70 77 79 80 81 90 91 92 94 96 105 108 47 114 116 117 121 122 124 126 127
1 2 4 12 16 17 19 20 22 27 29 31 32 37 40 42 44 50 51 52 56 58 61 62 64 65 71 73 75 77 78 88 89 92 94 95 96 97 101 104 107 110 114 117 120 123 124 126 130 131 132 134 136 137 140 142 146 147 148 149 151 152 153 155 157 159 161 162 164 170 173 175 176 177 182 183 186 190 194 195 196 199
128 130 133 10 11 140 17 146 18 148 21 150 20 152 154 155 28 26 158 159 33 166 39 41 42 175 48 47 181 183 57 58 61 67 77 81 83 85 86 96 97 101 106 112 113 119 121 124 127
132 135 7 9 136 11 140 14 143 15 18 147 146 150 24 28 158 160 33 162 35 37 167 40 170 43 46 174 47 51 180 181 54 184 186 192 194 196 197 69 199 68 74 79 86 89 90 92 93 96 103 109 110 112 114 115 118 119 122 124
2 132 133 10 12 140 144 19 148 150 151 153 27 31 158 159 32 161 33 30 164 165 166 37 168 42 43 171 47 176 53 183 56 185 187 190 193 194 65 68 196 198 197 69 74 75 78 83 87 89 90 91 92 95 100 104 105 110 122 123 126 127
135 13 14 15 144 17 156 31 162 35 41 178 51 181 184 66 196 198 70 78 80 94 95 101 120
128 130 131 132 7 142 15 148 21 150 29 34 163 164 166 39 44 45 180 182 58 191 193 197 70 73 74 76 79 82 83 88 96 97 98 112 116
130 3 134 135 12 140 143 17 146 148 157 30 159 32 35 37 43 46 49 185 190 64 194 66 69 73 76 80 83 84 88 91 98 104 108 109 113 119 121 123 126
6 137 139 13 142 15 153 159 36 37 39 177 54 56 186 187 192 196 198 200 73 72 78 86 90 91 120 121 122 123 127
131 138 139 142 150 23 26 29 38 41 174 47 179 181 187 59 189 63 191 193 70 200 76 79 81 82 85 92 93 96 97 104 105 107 113 118 127
1 2 131 3 134 6 10 140 13 14 12 144 17 146 19 20 149 150 25 155 28 158 31 160 33 34 163 164 166 39 40 169 170 43 44 45 46 175 47 174 50 178 51 48 183 184 58 187 60 62 63 64 192 66 195 193 190 168 81 82 83 84 88 89 90 91 93 94 113 115 119 120 121
129 3 132 6 137 151 161 163 36 37 171 173 174 51 181 57 186 62 192 193 196 199 75 80 84 98
132 133 6 135 4 7 139 141 14 15 144 21 22 153 154 28 30 33 34 162 166 40 42 171 172 175 49 51 182 183 59 187 61 190 63 64 66 198 72 76 87 90 93 94 97 99 100 109 112 115 116 120 124 125 127
130 4 140 145 148 22 155 160 41 42 171 174 179 53 183 56 57 190 191 66 195 70 82 84 88 120 121
1 6 7 14 15 18 21 22 24 26 28 29 31 33 35 38 39 40 43 44 45 46 48 49 50 53 55 56 59 60 62 63 64 65 66 68 75 76 78 84 87 88 98 104 105 107 112 113 116 117 122 124 130 131 134 137 140 143 146 149 151 152 153 158 159 161 162 164 170 172 175 180 181 182 185 186 187 189 191 194 195 196 200
27 38 86 93 55 95 54 7 5 32 67 73 97 93 3 48 79 19 66 55 59 67 30 34 60 87 79 31 87 23 69 48 26 23 3 55 26 42 58 65 85
