20
49
18 20 13
9 10 11 14 18 20
2 3 4 6 7 13 14 15 16 20
1 4 13 7
17 10 18 4
1 2 6 7 9 12 13 14 20
8 10 16 18 19
5 6 8 9 11 14 15 16 18
7 8 12 13 20
3 5 8 9 16 18
2 5 8 9 10 15
8 9 3 7
4 5 14 7
6 7 8 11 12 14 15 17 19
1 3 6 8 9 12 14
2 4 5 11 18
2 3 5 7 12 16 18 20
3 6 7 10 12 14 15 18 19
2 3 5 9 13 15
2 8 9 14 17
20 4 13 15
1 2 4 5 7 8 9 17 18 20
1 20 6
1 2 3 8 9 10 14 17
1 2 3 7 10 16
1 2 4 7 10 11 18 19
2 5 14 15
1 2 3 6 14 16
6 7 10 11 12 16 17 18 20
1 4 5 7 12 14 15 19
1 2 5 8 9 10 11 15 19
3 5 8 10 13 16 18 19
2 20 5
1 5 6 8 9 10 11 13 16 18
19 4 6
17 2 10 14
1 4 8 10 14 15 19 20
3 5 7 9 10 11 14 15 16 19
3 4 5 8 9 12 13 15 19 20
1 3 4 6 13 14 15 18
3 6 11 17 20
1 3 10 11 12 13 14 16
1 9 15
1 4 5 7 11 15 18 19
19 5 6
1 2 7 10 11 13 14 15 20
1 4 17 18 19 20
1 2 3 5 6 10 12 13 16 18
3 5 6 7 8 10 12 14 19 20
60 11 14 21 73 78 45 86 31 39 9 13 67 89 3 8 63 65 56 28 43 87 81 63 97 17 17 18 51 92 17 19 96 58 26 67 67 45 64 93 73 54 42 46 79 26 65 28 20
